3,01,01,01,01,01,01,01,01,01,01,01,01,01,01,04,03,01,01,01,01,01,01,01,01,01,01,01,01,01,01,04
2,00,00,00,00,00,00,00,00,00,00,00,00,00,00,02,02,00,00,00,00,00,00,00,00,00,00,00,00,00,00,02
2,00,00,00,00,00,00,00,00,00,00,00,00,00,00,02,02,00,00,00,00,00,00,00,00,00,00,00,00,00,00,02
2,00,00,00,00,00,00,00,00,00,00,00,00,00,00,05,06,00,00,00,00,00,00,00,00,00,00,00,00,00,00,02
2,00,00,00,00,00,00,00,00,00,00,00,00,00,00,00,00,00,00,00,00,00,00,00,00,00,00,00,00,00,00,02
2,00,00,00,00,00,00,00,00,00,00,00,00,00,00,00,00,00,00,00,00,00,00,00,00,00,00,00,00,00,00,02
2,00,00,00,00,00,00,00,00,00,00,00,00,00,00,00,00,00,00,00,00,00,00,00,00,00,00,00,00,00,00,02
2,00,00,00,00,00,00,00,00,00,00,00,00,00,00,00,00,00,00,00,00,00,00,00,00,00,00,00,00,00,00,02
2,00,00,00,00,00,00,00,00,00,00,00,00,00,00,03,04,00,00,00,00,00,00,00,00,00,00,00,00,00,00,02
2,00,00,00,00,00,00,00,00,00,00,00,00,00,00,02,02,00,00,00,00,00,00,00,00,00,00,00,00,00,00,02
2,00,00,00,00,00,00,00,00,00,00,00,00,00,00,02,02,00,00,00,00,00,00,00,00,00,00,00,00,00,00,02
5,01,01,04,00,00,00,00,00,00,00,00,03,01,01,06,05,01,01,04,00,00,00,00,00,00,00,00,03,01,01,06
3,01,01,06,00,00,00,00,00,00,00,00,05,01,01,04,03,01,01,06,00,00,00,00,00,00,00,00,05,01,01,04
2,00,00,00,00,00,00,00,00,00,00,00,00,00,00,02,02,00,00,00,00,00,00,00,00,00,00,00,00,00,00,02
2,00,00,00,00,00,00,00,00,00,00,00,00,00,00,02,02,00,00,00,00,00,00,00,00,00,00,00,00,00,00,02
2,00,00,00,00,00,00,00,00,00,00,00,00,00,00,05,06,00,00,00,00,00,00,00,00,00,00,00,00,00,00,02
2,00,00,00,00,00,00,00,00,00,00,00,00,00,00,00,00,00,00,00,00,00,00,00,00,00,00,00,00,00,00,02
2,00,00,00,00,00,00,00,00,00,00,00,00,00,00,00,00,00,00,00,00,00,00,00,00,00,00,00,00,00,00,02
2,00,00,00,00,00,00,00,00,00,00,00,00,00,00,00,00,00,00,00,00,00,00,00,00,00,00,00,00,00,00,02
2,00,00,00,00,00,00,00,00,00,00,00,00,00,00,00,00,00,00,00,00,00,00,00,00,00,00,00,00,00,00,02
2,00,00,00,00,00,00,00,00,00,00,00,00,00,00,03,04,00,00,00,00,00,00,00,00,00,00,00,00,00,00,02
2,00,00,00,00,00,00,00,00,00,00,00,00,00,00,02,02,00,00,00,00,00,00,00,00,00,00,00,00,00,00,02
2,00,00,00,00,00,00,00,00,00,00,00,00,00,00,02,02,00,00,00,00,00,00,00,00,00,00,00,00,00,00,02
5,01,01,01,01,01,01,01,01,01,01,01,01,01,01,06,05,01,01,01,01,01,01,01,01,01,01,01,01,01,01,06
!
3,01,01,01,01,01,01,01,01,01,01,01,01,01,01,04,03,01,01,01,01,01,01,01,01,01,01,01,01,01,01,04,03,01,01,01,01,01,01,01,01,01,01,01,01,01,01,04,03,01,01,01,01,01,01,01,01,01,01,01,01,01,01,04
2,00,00,00,00,00,00,00,00,00,00,00,00,00,00,02,02,00,00,00,00,00,00,00,00,00,00,00,00,00,00,02,02,00,00,00,00,00,00,00,00,00,00,00,00,00,00,02,02,00,00,00,00,00,00,00,00,00,00,00,00,00,00,02
2,00,00,00,00,00,00,00,00,00,00,00,00,00,00,02,02,00,00,00,00,00,00,00,00,00,00,00,00,00,00,02,02,00,00,00,00,00,00,00,00,00,00,00,00,00,00,02,02,00,00,00,00,00,00,00,00,00,00,00,00,00,00,02
2,00,00,00,00,00,10,01,01,01,01,01,04,00,00,05,13,01,01,11,01,01,08,00,00,10,01,01,04,00,00,05,06,00,00,00,00,07,00,00,00,00,07,00,00,00,00,05,06,00,00,00,00,00,00,00,00,00,00,00,00,00,00,02
2,00,00,00,00,00,00,00,00,00,00,00,02,00,00,00,00,00,00,02,00,00,00,00,00,00,00,00,02,00,00,00,00,00,00,00,00,02,00,00,00,00,02,00,00,00,00,00,00,00,00,00,00,00,00,00,00,10,01,01,01,01,01,12
2,00,00,00,00,00,00,00,00,00,00,00,02,00,00,00,00,00,00,02,00,00,00,00,00,00,00,00,02,00,00,00,00,00,00,00,00,02,00,00,00,00,02,00,00,00,00,00,00,00,00,00,00,00,00,00,00,00,00,00,00,00,00,02
2,00,00,00,00,00,00,00,00,00,00,00,02,00,00,00,00,00,00,02,00,00,00,00,00,00,00,00,02,00,00,00,00,00,00,00,00,02,00,00,00,00,02,00,00,00,00,00,00,00,00,00,00,00,00,00,00,00,00,00,00,00,00,02
2,00,00,00,00,00,00,00,00,00,00,00,02,00,00,00,00,00,00,02,00,00,00,00,00,00,00,00,02,00,00,00,00,00,00,00,00,02,00,00,00,00,02,00,00,00,00,00,00,00,00,00,00,00,00,00,00,10,01,01,01,01,01,12
2,00,00,00,00,00,00,00,00,00,00,00,02,00,00,03,04,00,00,09,00,00,00,00,00,00,00,00,09,00,00,03,04,00,00,00,00,09,00,00,00,00,09,00,00,00,00,03,04,00,00,00,00,00,00,00,00,00,00,00,00,00,00,02
2,00,00,00,00,00,00,00,00,00,00,00,02,00,00,02,02,00,00,00,00,00,00,00,00,00,00,00,00,00,00,02,02,00,00,00,00,00,00,00,00,00,00,00,00,00,00,02,02,00,00,00,00,00,00,00,00,00,00,00,00,00,00,02
2,00,00,00,00,00,00,00,00,00,00,00,02,00,00,02,02,00,00,00,00,00,00,00,00,00,00,00,00,00,00,02,02,00,00,00,00,00,00,00,00,00,00,00,00,00,00,02,02,00,00,00,00,00,00,00,00,00,00,00,00,00,00,02
5,01,01,01,01,01,01,01,01,01,01,01,13,01,01,06,05,01,01,01,01,01,01,01,01,01,01,01,01,01,01,06,05,01,01,01,01,01,01,01,01,01,01,01,01,01,01,06,05,01,01,01,01,01,01,01,01,01,01,01,01,01,01,06
!
2,01,01,01,01,01,01,01,11,01,01,01,01,01,01,04,03,01,01,01,01,01,01,01,01,01,01,11,01,01,01,04
2,00,00,00,00,00,00,00,02,00,00,00,00,00,00,02,02,00,00,00,00,00,00,00,00,00,00,02,00,00,00,02
2,00,00,00,00,00,00,00,02,00,00,00,00,00,00,02,02,00,00,00,00,00,00,00,00,00,00,02,00,00,00,02
2,00,00,00,00,00,00,00,09,00,00,00,00,00,00,05,06,00,00,00,10,01,01,08,00,00,00,02,00,00,00,02
2,00,00,00,00,00,00,00,00,00,00,00,00,00,00,00,00,00,00,00,00,00,00,00,00,00,00,09,00,00,00,02
2,00,00,00,00,00,00,00,00,00,00,00,00,00,00,00,00,00,00,00,00,00,00,00,00,00,00,00,00,00,00,02
2,00,00,00,00,00,00,00,00,00,00,00,00,00,00,00,00,00,00,00,00,00,00,00,00,00,00,00,00,00,00,02
2,00,00,00,00,00,00,00,00,00,00,00,00,00,00,00,00,00,00,00,07,00,00,00,00,00,00,00,00,00,00,02
2,00,00,00,00,00,00,00,07,00,00,00,00,00,00,03,04,00,00,00,02,00,00,00,10,01,01,08,00,00,00,02
2,00,00,00,00,00,00,00,02,00,00,00,00,00,00,02,02,00,00,00,02,00,00,00,00,00,00,00,00,00,00,02
2,00,00,00,00,00,00,00,02,00,00,00,00,00,00,02,02,00,00,00,02,00,00,00,00,00,00,00,00,00,00,02
5,00,00,00,03,01,01,01,13,01,01,01,01,01,01,06,05,01,01,01,13,01,01,01,01,01,01,01,01,01,01,06
2,00,00,00,05,01,01,01,11,01,01,01,01,01,01,04,03,01,01,01,01,01,01,01,01,01,01,11,01,01,01,04
2,00,00,00,00,00,00,00,02,00,00,00,00,00,00,02,02,00,00,00,00,00,00,00,00,00,00,02,00,00,00,02
2,00,00,00,00,00,00,00,02,00,00,00,00,00,00,02,02,00,00,00,00,00,00,00,00,00,00,02,00,00,00,02
2,00,00,00,00,00,00,00,09,00,00,00,00,00,00,05,06,00,00,00,15,00,00,00,00,00,00,02,00,00,00,02
2,00,00,00,00,00,00,00,00,00,00,00,00,00,00,00,00,00,00,00,00,00,00,00,00,00,00,09,00,00,00,02
2,00,00,10,01,08,00,00,00,00,00,10,01,08,00,00,00,00,00,00,00,00,00,00,00,00,00,00,00,00,00,02
2,00,00,00,00,00,00,00,00,00,00,00,00,00,00,00,00,00,00,00,00,00,00,00,00,00,00,00,00,00,00,02
2,00,00,00,00,00,00,00,00,00,00,00,00,00,00,00,00,00,00,00,07,00,00,00,00,00,00,00,00,00,00,02
2,00,00,00,00,00,00,00,07,00,00,00,00,00,00,03,04,00,00,00,02,00,00,00,00,00,00,15,00,00,00,02
2,00,00,00,00,00,00,00,02,00,00,00,00,00,00,02,02,00,00,00,02,00,00,00,00,00,00,00,00,00,00,02
2,00,00,00,00,00,00,00,02,00,00,00,00,00,00,02,02,00,00,00,02,00,00,00,00,00,00,00,00,00,00,02
5,01,01,01,01,01,01,01,13,01,01,01,01,01,01,06,05,01,01,01,13,01,01,01,01,01,01,01,01,01,01,06
!
3,01,01,01,01,01,01,01,01,01,01,01,01,01,01,04,03,01,01,01,01,11,01,01,01,01,01,01,01,01,01,04
2,00,00,00,00,00,00,00,00,00,00,00,00,00,00,02,02,00,00,00,00,02,00,00,00,00,00,00,00,00,00,02
2,00,00,00,00,00,00,00,00,00,00,00,00,00,00,02,02,00,00,00,00,02,00,00,00,00,00,00,00,00,00,02
2,00,00,00,00,15,00,00,00,00,15,00,00,00,00,05,06,00,00,00,00,02,00,00,00,00,00,00,00,00,00,02
2,00,00,00,00,00,00,00,00,00,00,00,00,00,00,00,00,00,00,00,00,02,00,00,00,07,00,00,15,00,00,02
2,00,00,00,00,00,00,00,00,00,00,00,00,00,00,00,00,00,00,00,00,02,00,00,00,02,00,00,00,00,00,02
2,00,00,00,00,00,00,00,00,00,00,00,00,00,00,00,00,00,00,00,00,02,00,00,00,02,00,00,00,00,00,02
2,00,00,00,00,00,00,00,00,00,00,00,00,00,00,00,00,00,00,00,00,09,00,00,00,02,00,00,00,00,00,02
2,00,00,00,00,15,00,00,00,00,15,00,00,00,00,03,04,00,00,00,00,00,00,00,00,02,00,00,15,00,00,02
2,00,00,00,00,00,00,00,00,00,00,00,00,00,00,02,02,00,00,00,00,00,00,00,00,02,00,00,00,00,00,02
2,00,00,00,00,00,00,00,00,00,00,00,00,00,00,02,02,00,00,00,00,00,00,00,00,02,00,00,00,00,00,02
5,01,01,01,01,01,01,01,01,01,01,01,01,01,01,06,05,01,01,01,01,01,01,01,01,12,00,00,03,01,01,06
3,01,01,01,01,01,01,01,01,01,01,01,01,01,01,04,03,01,01,01,01,11,01,01,01,12,00,00,05,01,01,04
2,00,00,00,00,00,00,00,00,00,00,00,00,00,00,02,02,00,00,00,00,02,00,00,00,02,00,00,00,00,00,02
2,00,00,00,00,00,00,00,00,00,00,07,00,00,00,02,02,00,00,00,00,02,00,00,00,02,00,00,00,00,00,02
2,00,00,00,00,00,00,00,00,00,00,09,00,00,00,05,06,00,00,00,00,02,00,00,00,02,00,00,00,00,00,02
2,00,00,00,00,00,00,00,00,00,00,00,00,00,00,00,00,00,00,00,00,09,00,00,00,09,00,00,00,00,00,02
2,00,00,00,00,00,00,00,00,00,00,00,00,00,00,00,00,00,00,00,00,00,00,00,00,00,00,00,00,00,00,02
2,00,00,00,00,00,00,00,00,00,00,00,00,00,00,00,00,00,00,00,00,00,00,00,00,00,00,00,00,00,00,02
2,00,00,00,00,00,00,00,00,00,00,00,00,00,00,00,00,00,00,00,00,07,00,00,00,07,00,00,00,00,00,02
2,00,00,00,00,10,08,00,00,00,00,07,00,00,00,03,04,00,00,00,00,02,00,00,00,02,00,00,00,00,00,02
2,00,00,00,00,00,00,00,00,00,00,09,00,00,00,02,02,00,00,00,00,02,00,00,00,02,00,00,00,00,00,02
2,00,00,00,00,00,00,00,00,00,00,00,00,00,00,02,02,00,00,00,00,02,00,00,00,02,00,00,00,00,00,02
2,01,01,01,01,01,01,01,01,01,01,01,01,01,01,06,05,01,01,01,01,13,01,01,01,13,01,01,01,01,01,06
!
3,01,01,01,01,01,01,01,01,01,11,01,01,01,01,04,03,01,01,01,01,01,01,01,01,01,01,01,01,01,01,04,03,01,01,01,01,01,01,01,01,01,01,01,01,01,01,04,03,01,01,01,01,01,11,01,01,11,01,01,01,01,01,04
2,00,00,00,00,00,00,00,00,00,02,00,00,00,00,02,02,00,00,00,00,00,00,00,00,00,00,00,00,00,00,02,02,00,00,00,00,00,00,00,00,00,00,00,00,00,00,02,02,00,00,00,00,00,02,00,00,02,00,00,00,00,00,02
2,00,00,00,00,00,00,00,00,00,02,00,00,00,00,02,02,00,00,00,00,00,00,00,00,00,00,00,00,00,00,02,02,00,00,00,00,00,00,00,00,00,00,00,00,00,00,02,02,00,00,00,00,00,02,00,00,02,00,00,00,00,00,02
2,00,00,00,07,00,00,00,00,00,05,01,01,01,01,13,06,00,00,00,07,00,00,00,00,00,00,07,00,00,00,05,06,00,00,00,15,00,00,00,00,00,00,15,00,00,00,05,06,00,00,00,00,00,05,01,01,06,00,00,00,00,00,02
2,00,00,00,02,00,00,00,00,00,00,00,00,00,00,00,00,00,00,00,02,00,00,00,00,00,00,02,00,00,00,00,00,00,00,00,00,00,00,00,00,00,00,00,00,00,00,00,00,00,00,15,00,00,00,00,00,00,00,00,15,00,00,02
2,00,00,00,02,00,00,00,00,00,00,00,00,00,00,00,00,00,00,00,02,00,00,00,00,00,00,02,00,00,00,00,00,00,00,00,00,07,00,00,00,00,07,00,00,00,00,00,00,00,00,00,00,00,00,00,00,00,00,00,00,00,00,02
2,00,00,00,02,00,00,00,00,00,00,00,00,00,00,00,00,00,00,00,02,00,00,00,00,00,00,02,00,00,00,00,00,00,00,00,00,09,00,00,00,00,09,00,00,00,00,00,00,00,00,00,00,00,00,00,00,00,00,00,00,00,00,02
2,00,00,00,02,00,00,00,00,00,00,00,00,00,00,00,00,00,00,00,02,00,00,00,00,00,00,02,00,00,00,00,00,00,00,00,00,00,00,00,00,00,00,00,00,00,00,00,00,00,00,15,00,00,00,00,00,00,00,00,15,00,00,02
2,00,00,00,09,00,00,00,00,00,03,01,01,01,01,11,04,00,00,00,09,00,00,00,00,00,00,09,00,00,00,03,04,00,00,00,15,00,00,00,00,00,00,15,00,00,00,03,04,00,00,00,00,00,03,01,01,04,00,00,00,00,00,02
2,00,00,00,00,00,00,00,00,00,02,00,00,00,00,02,02,00,00,00,00,00,00,00,00,00,00,00,00,00,00,02,02,00,00,00,00,00,00,00,00,00,00,00,00,00,00,02,02,00,00,00,00,00,02,00,00,02,00,00,00,00,00,02
2,00,00,00,00,00,00,00,00,00,02,00,00,00,00,02,02,00,00,00,00,00,00,00,00,00,00,00,00,00,00,02,02,00,00,00,00,00,00,00,00,00,00,00,00,00,00,02,02,00,00,00,00,00,02,00,00,02,00,00,00,00,00,02
5,01,01,01,01,01,01,01,01,01,13,01,13,01,01,06,05,01,01,01,01,01,01,01,01,01,01,01,01,01,01,06,05,01,01,01,01,01,01,01,01,01,01,01,01,01,01,06,05,01,01,01,01,01,13,01,01,13,01,01,01,01,01,06
!
3,01,01,01,01,01,01,01,01,01,01,01,01,01,01,04,03,01,01,01,01,01,01,01,01,01,01,01,01,01,01,04,03,01,01,01,01,01,01,01,01,01,01,01,01,01,01,04,03,01,01,01,01,01,01,01,01,01,01,01,01,01,01,04
2,00,00,00,00,00,00,00,00,00,00,00,00,00,00,02,02,00,00,00,00,00,00,00,00,00,00,00,00,00,00,02,02,00,00,00,00,00,00,00,00,00,00,00,00,00,00,02,02,00,00,00,00,00,00,00,00,00,00,00,00,00,00,02
2,00,00,00,00,00,00,00,00,00,00,00,00,00,00,02,02,00,00,00,00,00,00,00,00,00,00,00,00,00,00,02,02,00,15,00,00,00,00,00,00,00,00,00,00,15,00,02,02,00,00,00,00,00,00,00,00,00,00,00,00,00,00,02
2,00,00,03,08,00,00,00,00,00,00,10,04,00,00,05,06,00,00,00,00,00,00,00,00,03,08,00,00,00,00,05,06,00,00,00,00,03,01,01,01,01,04,00,00,00,00,05,06,00,00,00,00,00,00,00,00,00,00,00,00,00,00,02
2,00,00,09,00,00,00,00,00,00,00,00,09,00,00,00,00,00,00,00,00,00,00,00,03,06,00,00,00,00,00,00,00,00,00,00,00,02,00,00,00,00,02,00,00,00,00,00,00,00,00,00,00,07,00,00,00,00,00,00,00,00,10,12
2,00,00,00,00,00,00,00,00,00,00,00,00,00,00,00,00,00,00,00,00,00,00,03,06,00,00,00,00,00,00,00,00,00,00,00,00,02,00,03,04,00,02,00,00,00,00,00,00,00,00,00,00,02,00,00,00,00,00,00,00,00,00,02
2,00,00,00,00,00,00,00,00,00,00,00,00,00,00,00,00,00,00,00,00,00,03,06,00,00,00,00,00,00,00,00,00,00,00,00,00,02,00,05,06,00,02,00,00,00,00,00,00,00,00,00,00,02,00,00,00,00,00,00,00,00,00,02
2,00,00,07,00,00,00,00,00,00,00,00,07,00,00,00,00,00,00,00,00,03,06,00,00,00,00,00,00,00,00,00,00,00,00,00,00,02,00,00,00,00,02,00,00,00,00,00,00,00,00,00,00,09,00,00,00,00,00,00,00,00,10,12
2,00,00,05,08,00,00,00,00,00,00,10,06,00,00,03,04,00,00,00,10,06,00,00,00,00,00,00,00,00,00,03,04,00,00,00,00,05,01,01,01,01,06,00,00,00,00,03,04,00,00,00,00,00,00,00,00,00,00,00,00,00,00,02
2,00,00,00,00,00,00,00,00,00,00,00,00,00,00,02,02,00,00,00,00,00,00,00,00,00,00,00,00,00,00,02,02,00,15,00,00,00,00,00,00,00,00,00,00,15,00,02,02,00,00,00,00,00,00,00,00,00,00,00,00,00,00,02
2,00,00,00,00,00,00,00,00,00,00,00,00,00,00,02,02,00,00,00,00,00,00,00,00,00,00,00,00,00,00,02,02,00,00,00,00,00,00,00,00,00,00,00,00,00,00,02,02,00,00,00,00,00,00,00,00,00,00,00,00,00,00,02
5,01,01,01,01,01,01,01,01,01,01,01,13,01,01,06,05,01,01,01,01,01,01,01,01,01,01,01,01,01,01,06,05,01,01,01,01,04,00,00,00,00,03,01,01,01,01,06,05,01,01,01,01,01,01,01,01,01,01,01,01,01,01,06
3,01,01,01,01,01,01,01,01,01,01,01,01,01,01,04,03,01,01,01,01,01,01,01,01,01,01,01,01,01,01,04,03,01,01,01,01,06,00,00,00,00,05,01,01,01,01,04,03,01,01,01,01,01,01,01,01,01,01,01,01,01,01,04
2,00,00,00,00,00,00,00,00,00,00,00,00,00,00,02,02,00,00,00,00,00,00,00,00,00,00,00,00,00,00,02,02,00,00,00,00,00,00,00,00,00,00,00,00,00,00,02,02,00,00,00,00,00,00,00,00,00,00,00,00,00,00,02
2,00,00,00,00,00,00,00,00,00,00,00,00,00,00,02,02,00,00,00,00,00,00,00,00,00,00,00,00,00,00,02,02,00,00,00,00,00,00,00,00,00,00,00,00,00,00,02,02,00,00,00,00,00,00,00,00,00,00,00,00,00,00,02
2,00,00,00,00,00,10,01,01,01,01,01,04,00,00,05,13,01,01,11,01,01,08,00,00,10,01,01,04,00,00,05,02,00,00,00,00,07,00,00,00,00,07,00,00,00,00,02,06,00,00,00,00,00,00,00,00,00,00,00,00,00,00,02
2,00,00,00,00,00,00,00,00,00,00,00,02,00,00,00,00,00,00,02,00,00,00,00,00,00,00,00,02,00,00,00,02,00,00,00,00,02,00,00,00,00,02,00,00,00,00,02,00,00,00,00,00,00,00,00,00,10,01,01,01,01,01,12
2,00,00,00,00,00,00,00,00,00,00,00,02,00,00,00,00,00,00,02,00,00,00,00,00,00,00,00,02,00,00,00,02,00,00,00,00,02,00,00,00,00,02,00,00,00,00,02,00,00,00,00,00,00,00,00,00,00,00,00,00,00,00,02
2,00,00,00,00,00,00,00,00,00,00,00,02,00,00,00,00,00,00,02,00,00,00,00,00,00,00,00,02,00,00,00,02,00,00,00,00,02,00,00,00,00,02,00,00,00,00,02,00,00,00,00,00,00,00,00,00,00,00,00,00,00,00,02
2,00,00,00,00,00,00,00,00,00,00,00,02,00,00,00,00,00,00,02,00,00,00,00,00,00,00,00,02,00,00,00,02,00,00,00,00,02,00,00,00,00,02,00,00,00,00,02,00,00,00,00,00,00,00,00,00,10,01,01,01,01,01,12
2,00,00,00,00,00,00,00,00,00,00,00,02,00,00,03,04,00,00,09,00,00,00,00,00,00,00,00,09,00,00,03,02,00,00,00,00,09,00,00,00,00,09,00,00,00,00,02,04,00,00,00,00,00,00,00,00,00,00,00,00,00,00,02
2,00,00,00,00,00,00,00,00,00,00,00,02,00,00,02,02,00,00,00,00,00,00,00,00,00,00,00,00,00,00,02,02,00,00,00,00,00,00,00,00,00,00,00,00,00,00,02,02,00,00,00,00,00,00,00,00,00,00,00,00,00,00,02
2,00,00,00,00,00,00,00,00,00,00,00,02,00,00,02,02,00,00,00,00,00,00,00,00,00,00,00,00,00,00,02,02,00,00,00,00,00,00,00,00,00,00,00,00,00,00,02,02,00,00,00,00,00,00,00,00,00,00,00,00,00,00,02
5,01,01,01,01,01,01,01,01,01,01,01,13,01,01,06,05,01,01,01,01,01,01,01,01,01,01,01,01,01,01,06,05,01,01,01,01,01,01,01,01,01,01,01,01,01,01,06,05,01,01,01,01,01,01,01,01,01,01,01,01,01,01,06
!
3,01,01,01,01,01,01,01,01,01,01,01,01,01,01,01,01,01,01,01,01,01,01,01,01,01,01,01,01,01,01,04,03,01,01,01,01,01,01,01,01,01,01,01,01,01,01,04
2,00,00,00,00,00,00,00,00,00,00,00,00,00,00,00,00,00,00,00,00,00,00,00,00,00,00,00,00,00,00,02,02,00,00,00,00,00,00,00,00,00,00,00,00,00,00,02
2,00,00,00,00,00,00,00,00,00,00,00,00,00,00,00,00,00,00,00,00,00,00,00,00,00,00,00,07,00,00,02,02,00,00,00,00,00,00,00,00,00,00,00,00,00,00,02
14,01,01,01,01,01,01,01,01,01,01,01,01,01,01,01,01,01,01,01,01,01,01,01,01,01,01,01,06,00,00,05,06,00,00,00,15,00,00,00,00,00,00,00,15,00,00,02
2,00,00,00,00,00,00,00,00,00,00,00,00,00,00,00,00,00,00,00,00,00,00,00,00,00,00,00,00,00,00,00,00,00,00,00,00,00,00,00,00,00,00,00,00,00,00,02
2,00,00,00,00,00,00,00,00,00,00,00,00,00,00,00,00,00,00,00,00,00,00,00,00,00,00,00,00,00,00,00,00,00,00,00,00,00,00,00,00,00,00,00,00,00,00,02
2,00,00,00,00,00,00,00,00,00,00,00,00,00,00,00,00,00,00,00,00,00,00,00,00,00,00,00,00,00,00,00,00,00,00,00,00,00,00,00,00,00,00,00,00,00,00,02
2,00,00,00,00,00,00,00,00,00,00,00,00,00,00,00,00,00,00,00,00,00,00,00,00,00,00,00,00,00,00,00,00,00,00,00,00,00,00,00,00,00,00,00,00,00,00,02
14,01,01,01,01,01,01,01,01,01,01,01,01,01,01,01,01,01,01,01,01,01,01,01,01,01,01,01,04,00,00,03,04,00,00,00,15,00,00,00,00,00,00,00,15,00,00,02
2,00,00,00,00,00,00,00,00,00,00,00,00,00,00,00,00,00,00,00,00,00,00,00,00,00,00,00,09,00,00,02,02,00,00,00,00,00,00,00,00,00,00,00,00,00,00,02
2,00,00,00,00,00,00,00,00,00,00,00,00,00,00,00,00,00,00,00,00,00,00,00,00,00,00,00,00,00,00,02,02,00,00,00,00,00,00,00,00,00,00,00,00,00,00,02
5,01,01,01,01,01,01,01,01,01,01,01,13,01,01,01,01,01,01,01,01,01,01,01,01,01,01,01,01,01,01,06,05,01,01,01,01,01,01,01,01,01,01,01,01,01,01,06
!
3,01,01,01,01,01,01,01,01,01,01,01,01,01,01,01,01,01,01,01,01,01,01,01,01,01,01,01,01,01,01,04,03,01,01,01,01,01,01,01,01,01,01,01,01,01,01,04
2,00,00,00,00,00,00,00,00,00,00,00,00,00,00,00,00,00,00,00,00,00,00,00,00,00,00,00,00,00,00,02,02,00,00,00,00,00,00,00,00,00,00,00,00,00,00,02
2,00,00,00,00,00,00,00,00,00,00,00,00,00,00,00,00,00,00,00,00,00,00,00,00,00,00,00,07,00,00,02,02,00,00,00,00,00,00,00,00,00,00,00,00,00,00,02
14,01,01,01,01,01,01,01,01,01,01,01,01,01,01,01,01,01,01,01,01,01,01,01,01,01,01,01,06,00,00,02,02,00,00,00,15,00,00,00,00,00,00,00,15,00,00,02
2,00,00,00,00,00,00,00,00,00,00,00,00,00,00,00,00,00,00,00,00,00,00,00,00,00,00,00,00,00,00,02,02,00,00,00,00,00,00,00,00,00,00,00,00,00,00,02
2,00,00,00,00,00,00,00,00,00,00,00,00,00,00,00,00,00,00,00,00,00,00,00,00,00,00,00,00,00,00,02,02,00,00,00,00,00,00,00,00,00,00,00,00,00,00,02
2,00,00,00,00,00,00,00,00,00,00,00,00,00,00,00,00,00,00,00,00,00,00,00,00,00,00,00,00,00,00,02,02,00,00,00,00,00,00,00,00,00,00,00,00,00,00,02
2,00,00,00,00,00,00,00,00,00,00,00,00,00,00,00,00,00,00,00,00,00,00,00,00,00,00,00,00,00,00,02,02,00,00,00,00,00,00,00,00,00,00,00,00,00,00,02
14,01,01,01,01,01,01,01,01,01,01,01,01,01,01,01,01,01,01,01,01,01,01,01,01,01,01,01,04,00,00,02,02,00,00,00,15,00,00,00,00,00,00,00,15,00,00,02
2,00,00,00,00,00,00,00,00,00,00,00,00,00,00,00,00,00,00,00,00,00,00,00,00,00,00,00,09,00,00,02,02,00,00,00,00,00,00,00,00,00,00,00,00,00,00,02
2,00,00,00,00,00,00,00,00,00,00,00,00,00,00,00,00,00,00,00,00,00,00,00,00,00,00,00,00,00,00,02,02,00,00,00,00,00,00,00,00,00,00,00,00,00,00,02
5,01,01,01,01,01,01,01,01,01,01,01,13,01,01,01,01,01,01,01,01,01,01,01,01,01,01,01,01,01,01,06,05,01,01,01,01,01,01,01,01,01,01,01,01,01,01,06